Ns_mhe;  Co_lvl;  Marker_noise;  EMG_noise;  nb_try;  iter
9; 0; 0; 1; 10; 52
9; 0; 0; 1; 10; 54
9; 0; 0; 1; 13; 51
9; 0; 0; 2; 0; 57
9; 0; 0; 2; 8; 58
9; 0; 0; 3; 1; 55
9; 0; 0; 3; 1; 56
9; 0; 0; 3; 2; 61
9; 0; 0; 3; 14; 27
9; 0; 0; 3; 17; 49
9; 0; 1; 1; 1; 90
9; 0; 1; 2; 7; 59
9; 0; 1; 2; 7; 61
9; 0; 1; 2; 16; 60
9; 0; 1; 3; 1; 56
9; 0; 1; 3; 1; 58
9; 0; 1; 3; 1; 69
9; 0; 1; 3; 1; 70
9; 0; 1; 3; 4; 50
9; 0; 1; 3; 4; 53
9; 0; 1; 3; 6; 64
9; 0; 1; 3; 6; 67
9; 0; 1; 3; 7; 61
9; 0; 1; 3; 8; 52
9; 0; 1; 3; 12; 56
9; 0; 1; 3; 12; 73
9; 0; 1; 3; 12; 74
9; 0; 1; 3; 15; 50
9; 0; 2; 0; 6; 22
9; 0; 2; 2; 14; 58
9; 0; 2; 2; 18; 51
9; 0; 2; 3; 2; 66
9; 0; 2; 3; 6; 79
9; 0; 2; 3; 6; 80
9; 0; 2; 3; 6; 81
9; 0; 2; 3; 6; 82
9; 0; 2; 3; 6; 83
9; 0; 2; 3; 7; 47
9; 0; 2; 3; 7; 55
9; 0; 2; 3; 10; 17
9; 0; 2; 3; 10; 59
9; 0; 2; 3; 10; 78
9; 0; 2; 3; 10; 79
9; 0; 2; 3; 10; 80
9; 0; 2; 3; 10; 81
9; 0; 2; 3; 10; 82
9; 0; 2; 3; 10; 84
9; 0; 2; 3; 10; 85
9; 0; 2; 3; 10; 86
9; 0; 2; 3; 11; 53
9; 0; 2; 3; 13; 48
9; 0; 3; 0; 8; 49
9; 0; 3; 1; 17; 52
9; 0; 3; 2; 12; 54
9; 0; 3; 2; 12; 55
9; 0; 3; 2; 12; 59
9; 0; 3; 3; 0; 67
9; 0; 3; 3; 0; 68
9; 1; 0; 1; 2; 50
9; 1; 0; 1; 17; 91
9; 1; 0; 1; 19; 46
9; 1; 0; 2; 10; 53
9; 1; 0; 2; 10; 63
9; 1; 0; 2; 10; 71
9; 1; 0; 2; 11; 42
9; 1; 0; 2; 13; 47
9; 1; 0; 2; 13; 69
9; 1; 0; 2; 14; 88
9; 1; 0; 2; 14; 89
9; 1; 0; 2; 15; 67
9; 1; 0; 3; 1; 27
9; 1; 0; 3; 3; 7
9; 1; 0; 3; 3; 42
9; 1; 0; 3; 6; 58
9; 1; 0; 3; 6; 59
9; 1; 0; 3; 7; 55
9; 1; 0; 3; 7; 83
9; 1; 0; 3; 8; 48
9; 1; 0; 3; 10; 57
9; 1; 0; 3; 10; 66
9; 1; 0; 3; 10; 67
9; 1; 0; 3; 10; 70
9; 1; 0; 3; 10; 71
9; 1; 0; 3; 10; 72
9; 1; 0; 3; 10; 73
9; 1; 0; 3; 10; 74
9; 1; 0; 3; 10; 78
9; 1; 0; 3; 10; 79
9; 1; 0; 3; 10; 80
9; 1; 0; 3; 12; 70
9; 1; 0; 3; 14; 61
9; 1; 0; 3; 14; 70
9; 1; 0; 3; 14; 76
9; 1; 0; 3; 14; 77
9; 1; 0; 3; 14; 78
9; 1; 0; 3; 14; 83
9; 1; 0; 3; 14; 84
9; 1; 1; 0; 17; 76
9; 1; 1; 1; 1; 90
9; 1; 1; 1; 3; 91
9; 1; 1; 1; 5; 72
9; 1; 1; 1; 5; 73
9; 1; 1; 1; 6; 75
9; 1; 1; 1; 6; 79
9; 1; 1; 1; 7; 70
9; 1; 1; 1; 9; 77
9; 1; 1; 1; 17; 65
9; 1; 1; 1; 18; 83
9; 1; 1; 1; 18; 88
9; 1; 1; 2; 0; 57
9; 1; 1; 2; 0; 66
9; 1; 1; 2; 0; 75
9; 1; 1; 2; 0; 76
9; 1; 1; 2; 0; 77
9; 1; 1; 2; 8; 68
9; 1; 1; 2; 10; 88
9; 1; 1; 2; 13; 47
9; 1; 1; 2; 14; 59
9; 1; 1; 2; 14; 60
9; 1; 1; 2; 17; 33
9; 1; 1; 2; 18; 89
9; 1; 1; 2; 19; 91
9; 1; 1; 3; 2; 76
9; 1; 1; 3; 5; 49
9; 1; 1; 3; 9; 75
9; 1; 1; 3; 12; 63
9; 1; 1; 3; 17; 60
9; 1; 1; 3; 17; 67
9; 1; 1; 3; 17; 68
9; 1; 1; 3; 19; 69
9; 1; 2; 0; 16; 80
9; 1; 2; 1; 2; 62
9; 1; 2; 1; 2; 63
9; 1; 2; 1; 8; 90
9; 1; 2; 1; 9; 90
9; 1; 2; 1; 10; 45
9; 1; 2; 1; 18; 77
9; 1; 2; 1; 18; 79
9; 1; 2; 2; 0; 90
9; 1; 2; 2; 1; 53
9; 1; 2; 2; 1; 60
9; 1; 2; 2; 1; 61
9; 1; 2; 2; 1; 62
9; 1; 2; 2; 2; 60
9; 1; 2; 2; 2; 70
9; 1; 2; 2; 4; 91
9; 1; 2; 2; 15; 55
9; 1; 2; 2; 15; 86
9; 1; 2; 2; 15; 87
9; 1; 2; 2; 15; 88
9; 1; 2; 2; 15; 89
9; 1; 2; 2; 15; 90
9; 1; 2; 2; 17; 46
9; 1; 2; 2; 18; 42
9; 1; 2; 3; 0; 65
9; 1; 2; 3; 0; 74
9; 1; 2; 3; 0; 75
9; 1; 2; 3; 0; 76
9; 1; 2; 3; 1; 55
9; 1; 2; 3; 1; 56
9; 1; 2; 3; 1; 58
9; 1; 2; 3; 1; 66
9; 1; 2; 3; 2; 89
9; 1; 2; 3; 2; 90
9; 1; 2; 3; 4; 11
9; 1; 2; 3; 4; 73
9; 1; 2; 3; 5; 59
9; 1; 2; 3; 6; 50
9; 1; 2; 3; 6; 59
9; 1; 2; 3; 6; 66
9; 1; 2; 3; 6; 74
9; 1; 2; 3; 11; 75
9; 1; 2; 3; 11; 76
9; 1; 2; 3; 12; 48
9; 1; 2; 3; 13; 66
9; 1; 2; 3; 15; 44
9; 1; 2; 3; 17; 66
9; 1; 3; 0; 5; 90
9; 1; 3; 0; 5; 91
9; 1; 3; 0; 7; 75
9; 1; 3; 0; 12; 77
9; 1; 3; 0; 19; 87
9; 1; 3; 0; 19; 90
9; 1; 3; 1; 3; 71
9; 1; 3; 1; 6; 81
9; 1; 3; 1; 6; 82
9; 1; 3; 1; 6; 84
9; 1; 3; 1; 7; 43
9; 1; 3; 1; 7; 79
9; 1; 3; 1; 7; 80
9; 1; 3; 1; 7; 81
9; 1; 3; 1; 7; 86
9; 1; 3; 1; 7; 90
9; 1; 3; 1; 7; 91
9; 1; 3; 1; 8; 91
9; 1; 3; 1; 9; 86
9; 1; 3; 1; 11; 83
9; 1; 3; 1; 11; 84
9; 1; 3; 1; 11; 85
9; 1; 3; 1; 11; 89
9; 1; 3; 1; 14; 74
9; 1; 3; 1; 15; 60
9; 1; 3; 1; 19; 47
9; 1; 3; 2; 4; 91
9; 1; 3; 2; 6; 83
9; 1; 3; 2; 6; 84
9; 1; 3; 2; 6; 85
9; 1; 3; 2; 7; 80
9; 1; 3; 2; 8; 90
9; 1; 3; 2; 8; 91
9; 1; 3; 2; 16; 76
9; 1; 3; 2; 18; 49
9; 1; 3; 3; 0; 75
9; 1; 3; 3; 0; 76
9; 1; 3; 3; 2; 72
9; 1; 3; 3; 2; 73
9; 1; 3; 3; 4; 84
9; 1; 3; 3; 5; 66
9; 1; 3; 3; 6; 57
9; 1; 3; 3; 6; 68
9; 1; 3; 3; 6; 79
9; 1; 3; 3; 7; 65
9; 1; 3; 3; 12; 62
9; 1; 3; 3; 12; 76
9; 1; 3; 3; 15; 22
9; 1; 3; 3; 15; 90
9; 1; 3; 3; 17; 14
9; 2; 0; 1; 2; 48
9; 2; 0; 1; 2; 69
9; 2; 0; 1; 2; 81
9; 2; 0; 1; 6; 73
9; 2; 0; 1; 6; 80
9; 2; 0; 1; 6; 81
9; 2; 0; 1; 13; 82
9; 2; 0; 1; 14; 73
9; 2; 0; 1; 15; 74
9; 2; 0; 1; 15; 75
9; 2; 0; 1; 15; 78
9; 2; 0; 1; 15; 81
9; 2; 0; 1; 15; 83
9; 2; 0; 1; 15; 86
9; 2; 0; 1; 15; 88
9; 2; 0; 1; 15; 89
9; 2; 0; 1; 15; 90
9; 2; 0; 1; 16; 91
9; 2; 0; 1; 17; 56
9; 2; 0; 1; 17; 66
9; 2; 0; 1; 18; 76
9; 2; 0; 1; 18; 88
9; 2; 0; 1; 18; 89
9; 2; 0; 1; 18; 90
9; 2; 0; 2; 0; 46
9; 2; 0; 2; 1; 68
9; 2; 0; 2; 1; 69
9; 2; 0; 2; 1; 76
9; 2; 0; 2; 1; 84
9; 2; 0; 2; 1; 85
9; 2; 0; 2; 1; 86
9; 2; 0; 2; 1; 87
9; 2; 0; 2; 1; 88
9; 2; 0; 2; 1; 89
9; 2; 0; 2; 1; 90
9; 2; 0; 2; 1; 91
9; 2; 0; 2; 4; 71
9; 2; 0; 2; 5; 42
9; 2; 0; 2; 5; 46
9; 2; 0; 2; 7; 7
9; 2; 0; 2; 7; 54
9; 2; 0; 2; 7; 61
9; 2; 0; 2; 7; 62
9; 2; 0; 2; 7; 63
9; 2; 0; 2; 7; 67
9; 2; 0; 2; 7; 68
9; 2; 0; 2; 7; 69
9; 2; 0; 2; 7; 70
9; 2; 0; 2; 7; 71
9; 2; 0; 2; 7; 72
9; 2; 0; 2; 7; 73
9; 2; 0; 2; 7; 74
9; 2; 0; 2; 7; 75
9; 2; 0; 2; 8; 58
9; 2; 0; 2; 8; 80
9; 2; 0; 2; 10; 85
9; 2; 0; 2; 10; 86
9; 2; 0; 2; 10; 87
9; 2; 0; 2; 10; 91
9; 2; 0; 2; 11; 87
9; 2; 0; 2; 11; 89
9; 2; 0; 2; 11; 90
9; 2; 0; 2; 11; 91
9; 2; 0; 2; 12; 65
9; 2; 0; 2; 12; 67
9; 2; 0; 2; 12; 72
9; 2; 0; 2; 12; 73
9; 2; 0; 2; 12; 78
9; 2; 0; 2; 12; 79
9; 2; 0; 2; 12; 80
9; 2; 0; 2; 14; 60
9; 2; 0; 2; 14; 61
9; 2; 0; 2; 14; 79
9; 2; 0; 2; 16; 39
9; 2; 0; 2; 16; 53
9; 2; 0; 2; 17; 75
9; 2; 0; 2; 18; 86
9; 2; 0; 2; 18; 87
9; 2; 0; 2; 19; 90
9; 2; 0; 3; 0; 38
9; 2; 0; 3; 1; 47
9; 2; 0; 3; 1; 62
9; 2; 0; 3; 1; 63
9; 2; 0; 3; 1; 64
9; 2; 0; 3; 1; 65
9; 2; 0; 3; 2; 37
9; 2; 0; 3; 2; 89
9; 2; 0; 3; 4; 63
9; 2; 0; 3; 4; 64
9; 2; 0; 3; 4; 75
9; 2; 0; 3; 4; 76
9; 2; 0; 3; 4; 80
9; 2; 0; 3; 4; 81
9; 2; 0; 3; 4; 82
9; 2; 0; 3; 4; 83
9; 2; 0; 3; 4; 84
9; 2; 0; 3; 4; 85
9; 2; 0; 3; 5; 91
9; 2; 0; 3; 6; 67
9; 2; 0; 3; 6; 69
9; 2; 0; 3; 6; 70
9; 2; 0; 3; 8; 44
9; 2; 0; 3; 8; 70
9; 2; 0; 3; 8; 76
9; 2; 0; 3; 12; 75
9; 2; 0; 3; 14; 77
9; 2; 0; 3; 17; 75
9; 2; 0; 3; 18; 73
9; 2; 0; 3; 19; 55
9; 2; 1; 0; 3; 57
9; 2; 1; 1; 1; 73
9; 2; 1; 1; 1; 74
9; 2; 1; 1; 2; 88
9; 2; 1; 1; 2; 89
9; 2; 1; 1; 6; 64
9; 2; 1; 1; 6; 74
9; 2; 1; 1; 6; 75
9; 2; 1; 1; 8; 84
9; 2; 1; 1; 12; 90
9; 2; 1; 1; 12; 91
9; 2; 1; 1; 13; 44
9; 2; 1; 1; 13; 65
9; 2; 1; 1; 13; 72
9; 2; 1; 1; 15; 57
9; 2; 1; 1; 15; 58
9; 2; 1; 1; 15; 69
9; 2; 1; 1; 16; 63
9; 2; 1; 1; 16; 68
9; 2; 1; 1; 16; 74
9; 2; 1; 1; 19; 86
9; 2; 1; 1; 19; 90
9; 2; 1; 2; 0; 75
9; 2; 1; 2; 1; 68
9; 2; 1; 2; 1; 75
9; 2; 1; 2; 1; 84
9; 2; 1; 2; 1; 85
9; 2; 1; 2; 1; 86
9; 2; 1; 2; 1; 87
9; 2; 1; 2; 1; 88
9; 2; 1; 2; 1; 90
9; 2; 1; 2; 1; 91
9; 2; 1; 2; 4; 85
9; 2; 1; 2; 6; 72
9; 2; 1; 2; 6; 81
9; 2; 1; 2; 7; 57
9; 2; 1; 2; 7; 58
9; 2; 1; 2; 10; 29
9; 2; 1; 2; 10; 91
9; 2; 1; 2; 13; 91
9; 2; 1; 2; 15; 62
9; 2; 1; 2; 16; 53
9; 2; 1; 2; 16; 62
9; 2; 1; 2; 16; 66
9; 2; 1; 2; 17; 82
9; 2; 1; 2; 19; 3
9; 2; 1; 3; 0; 52
9; 2; 1; 3; 0; 66
9; 2; 1; 3; 1; 53
9; 2; 1; 3; 1; 63
9; 2; 1; 3; 1; 64
9; 2; 1; 3; 1; 70
9; 2; 1; 3; 1; 71
9; 2; 1; 3; 1; 73
9; 2; 1; 3; 1; 74
9; 2; 1; 3; 1; 75
9; 2; 1; 3; 1; 77
9; 2; 1; 3; 2; 76
9; 2; 1; 3; 2; 77
9; 2; 1; 3; 2; 78
9; 2; 1; 3; 2; 79
9; 2; 1; 3; 2; 80
9; 2; 1; 3; 2; 81
9; 2; 1; 3; 2; 82
9; 2; 1; 3; 2; 83
9; 2; 1; 3; 2; 85
9; 2; 1; 3; 2; 86
9; 2; 1; 3; 2; 87
9; 2; 1; 3; 3; 77
9; 2; 1; 3; 4; 2
9; 2; 1; 3; 4; 44
9; 2; 1; 3; 4; 55
9; 2; 1; 3; 4; 64
9; 2; 1; 3; 4; 67
9; 2; 1; 3; 4; 68
9; 2; 1; 3; 4; 70
9; 2; 1; 3; 6; 89
9; 2; 1; 3; 7; 26
9; 2; 1; 3; 7; 47
9; 2; 1; 3; 7; 68
9; 2; 1; 3; 7; 89
9; 2; 1; 3; 8; 18
9; 2; 1; 3; 8; 70
9; 2; 1; 3; 9; 53
9; 2; 1; 3; 9; 54
9; 2; 1; 3; 9; 61
9; 2; 1; 3; 9; 62
9; 2; 1; 3; 9; 67
9; 2; 1; 3; 9; 68
9; 2; 1; 3; 9; 71
9; 2; 1; 3; 9; 72
9; 2; 1; 3; 10; 55
9; 2; 1; 3; 13; 55
9; 2; 1; 3; 13; 56
9; 2; 1; 3; 13; 70
9; 2; 1; 3; 13; 75
9; 2; 1; 3; 13; 76
9; 2; 1; 3; 14; 18
9; 2; 1; 3; 14; 21
9; 2; 1; 3; 14; 91
9; 2; 1; 3; 17; 67
9; 2; 1; 3; 19; 43
9; 2; 1; 3; 19; 75
9; 2; 2; 0; 1; 42
9; 2; 2; 0; 5; 71
9; 2; 2; 0; 8; 45
9; 2; 2; 0; 9; 88
9; 2; 2; 0; 9; 90
9; 2; 2; 0; 15; 91
9; 2; 2; 1; 3; 86
9; 2; 2; 1; 3; 87
9; 2; 2; 1; 4; 61
9; 2; 2; 1; 4; 71
9; 2; 2; 1; 4; 72
9; 2; 2; 1; 5; 69
9; 2; 2; 1; 5; 70
9; 2; 2; 1; 5; 85
9; 2; 2; 1; 6; 61
9; 2; 2; 1; 6; 62
9; 2; 2; 1; 6; 69
9; 2; 2; 1; 6; 71
9; 2; 2; 1; 6; 72
9; 2; 2; 1; 6; 74
9; 2; 2; 1; 6; 75
9; 2; 2; 1; 6; 76
9; 2; 2; 1; 6; 77
9; 2; 2; 1; 6; 90
9; 2; 2; 1; 6; 91
9; 2; 2; 1; 13; 81
9; 2; 2; 1; 13; 82
9; 2; 2; 1; 15; 53
9; 2; 2; 1; 15; 62
9; 2; 2; 1; 15; 76
9; 2; 2; 1; 18; 64
9; 2; 2; 2; 0; 79
9; 2; 2; 2; 0; 80
9; 2; 2; 2; 0; 91
9; 2; 2; 2; 2; 70
9; 2; 2; 2; 2; 72
9; 2; 2; 2; 2; 73
9; 2; 2; 2; 2; 74
9; 2; 2; 2; 3; 62
9; 2; 2; 2; 4; 74
9; 2; 2; 2; 4; 80
9; 2; 2; 2; 4; 81
9; 2; 2; 2; 4; 82
9; 2; 2; 2; 4; 84
9; 2; 2; 2; 4; 85
9; 2; 2; 2; 4; 86
9; 2; 2; 2; 4; 87
9; 2; 2; 2; 4; 88
9; 2; 2; 2; 4; 89
9; 2; 2; 2; 4; 90
9; 2; 2; 2; 4; 91
9; 2; 2; 2; 5; 62
9; 2; 2; 2; 5; 69
9; 2; 2; 2; 5; 70
9; 2; 2; 2; 5; 76
9; 2; 2; 2; 5; 78
9; 2; 2; 2; 6; 86
9; 2; 2; 2; 6; 87
9; 2; 2; 2; 6; 88
9; 2; 2; 2; 7; 63
9; 2; 2; 2; 8; 10
9; 2; 2; 2; 8; 62
9; 2; 2; 2; 8; 65
9; 2; 2; 2; 8; 70
9; 2; 2; 2; 9; 62
9; 2; 2; 2; 9; 63
9; 2; 2; 2; 9; 64
9; 2; 2; 2; 9; 73
9; 2; 2; 2; 9; 74
9; 2; 2; 2; 9; 75
9; 2; 2; 2; 9; 76
9; 2; 2; 2; 9; 77
9; 2; 2; 2; 10; 90
9; 2; 2; 2; 10; 91
9; 2; 2; 2; 12; 13
9; 2; 2; 2; 12; 75
9; 2; 2; 2; 12; 84
9; 2; 2; 2; 15; 66
9; 2; 2; 2; 15; 74
9; 2; 2; 2; 15; 75
9; 2; 2; 2; 15; 76
9; 2; 2; 2; 17; 55
9; 2; 2; 2; 17; 65
9; 2; 2; 2; 17; 84
9; 2; 2; 2; 18; 49
9; 2; 2; 2; 18; 57
9; 2; 2; 2; 18; 72
9; 2; 2; 2; 18; 74
9; 2; 2; 2; 19; 72
9; 2; 2; 3; 0; 14
9; 2; 2; 3; 0; 89
9; 2; 2; 3; 0; 90
9; 2; 2; 3; 1; 67
9; 2; 2; 3; 2; 85
9; 2; 2; 3; 3; 85
9; 2; 2; 3; 4; 43
9; 2; 2; 3; 4; 68
9; 2; 2; 3; 4; 76
9; 2; 2; 3; 4; 77
9; 2; 2; 3; 6; 53
9; 2; 2; 3; 6; 54
9; 2; 2; 3; 6; 55
9; 2; 2; 3; 6; 60
9; 2; 2; 3; 6; 63
9; 2; 2; 3; 8; 61
9; 2; 2; 3; 8; 63
9; 2; 2; 3; 8; 64
9; 2; 2; 3; 8; 66
9; 2; 2; 3; 9; 19
9; 2; 2; 3; 11; 69
9; 2; 2; 3; 13; 70
9; 2; 2; 3; 13; 74
9; 2; 2; 3; 13; 77
9; 2; 2; 3; 13; 78
9; 2; 2; 3; 13; 88
9; 2; 2; 3; 15; 71
9; 2; 2; 3; 15; 72
9; 2; 2; 3; 16; 78
9; 2; 2; 3; 17; 68
9; 2; 2; 3; 17; 69
9; 2; 2; 3; 17; 70
9; 2; 2; 3; 17; 71
9; 2; 2; 3; 18; 73
9; 2; 2; 3; 18; 82
9; 2; 2; 3; 18; 87
9; 2; 2; 3; 18; 88
9; 2; 2; 3; 19; 86
9; 2; 3; 0; 4; 78
9; 2; 3; 0; 4; 79
9; 2; 3; 0; 10; 77
9; 2; 3; 0; 12; 68
9; 2; 3; 0; 12; 76
9; 2; 3; 0; 12; 78
9; 2; 3; 0; 12; 79
9; 2; 3; 0; 12; 86
9; 2; 3; 0; 14; 90
9; 2; 3; 1; 0; 37
9; 2; 3; 1; 0; 64
9; 2; 3; 1; 0; 78
9; 2; 3; 1; 0; 79
9; 2; 3; 1; 0; 86
9; 2; 3; 1; 0; 87
9; 2; 3; 1; 0; 88
9; 2; 3; 1; 1; 64
9; 2; 3; 1; 1; 65
9; 2; 3; 1; 1; 72
9; 2; 3; 1; 3; 12
9; 2; 3; 1; 3; 75
9; 2; 3; 1; 4; 66
9; 2; 3; 1; 4; 71
9; 2; 3; 1; 4; 72
9; 2; 3; 1; 4; 76
9; 2; 3; 1; 4; 77
9; 2; 3; 1; 6; 71
9; 2; 3; 1; 6; 77
9; 2; 3; 1; 6; 78
9; 2; 3; 1; 6; 79
9; 2; 3; 1; 6; 81
9; 2; 3; 1; 9; 51
9; 2; 3; 1; 9; 52
9; 2; 3; 1; 9; 54
9; 2; 3; 1; 9; 59
9; 2; 3; 1; 9; 60
9; 2; 3; 1; 9; 61
9; 2; 3; 1; 9; 62
9; 2; 3; 1; 9; 66
9; 2; 3; 1; 9; 67
9; 2; 3; 1; 9; 68
9; 2; 3; 1; 9; 72
9; 2; 3; 1; 9; 73
9; 2; 3; 1; 9; 74
9; 2; 3; 1; 9; 88
9; 2; 3; 1; 9; 89
9; 2; 3; 1; 11; 19
9; 2; 3; 1; 11; 83
9; 2; 3; 1; 11; 90
9; 2; 3; 1; 13; 66
9; 2; 3; 1; 14; 90
9; 2; 3; 1; 14; 91
9; 2; 3; 1; 15; 88
9; 2; 3; 1; 15; 89
9; 2; 3; 1; 16; 51
9; 2; 3; 1; 16; 60
9; 2; 3; 1; 16; 70
9; 2; 3; 1; 18; 72
9; 2; 3; 1; 18; 75
9; 2; 3; 1; 18; 76
9; 2; 3; 1; 18; 77
9; 2; 3; 1; 18; 80
9; 2; 3; 1; 18; 82
9; 2; 3; 1; 18; 83
9; 2; 3; 1; 18; 90
9; 2; 3; 1; 19; 61
9; 2; 3; 1; 19; 62
9; 2; 3; 1; 19; 70
9; 2; 3; 1; 19; 71
9; 2; 3; 1; 19; 72
9; 2; 3; 1; 19; 84
9; 2; 3; 2; 0; 64
9; 2; 3; 2; 0; 78
9; 2; 3; 2; 1; 47
9; 2; 3; 2; 1; 48
9; 2; 3; 2; 1; 51
9; 2; 3; 2; 1; 55
9; 2; 3; 2; 1; 56
9; 2; 3; 2; 1; 57
9; 2; 3; 2; 1; 63
9; 2; 3; 2; 1; 64
9; 2; 3; 2; 1; 65
9; 2; 3; 2; 1; 66
9; 2; 3; 2; 1; 67
9; 2; 3; 2; 3; 61
9; 2; 3; 2; 3; 62
9; 2; 3; 2; 3; 69
9; 2; 3; 2; 3; 73
9; 2; 3; 2; 3; 74
9; 2; 3; 2; 3; 75
9; 2; 3; 2; 3; 77
9; 2; 3; 2; 3; 78
9; 2; 3; 2; 3; 79
9; 2; 3; 2; 3; 87
9; 2; 3; 2; 3; 88
9; 2; 3; 2; 3; 89
9; 2; 3; 2; 4; 86
9; 2; 3; 2; 4; 87
9; 2; 3; 2; 4; 88
9; 2; 3; 2; 4; 89
9; 2; 3; 2; 4; 90
9; 2; 3; 2; 4; 91
9; 2; 3; 2; 5; 84
9; 2; 3; 2; 6; 64
9; 2; 3; 2; 6; 66
9; 2; 3; 2; 6; 70
9; 2; 3; 2; 6; 72
9; 2; 3; 2; 6; 80
9; 2; 3; 2; 6; 87
9; 2; 3; 2; 8; 67
9; 2; 3; 2; 8; 68
9; 2; 3; 2; 9; 59
9; 2; 3; 2; 9; 66
9; 2; 3; 2; 9; 73
9; 2; 3; 2; 9; 74
9; 2; 3; 2; 9; 80
9; 2; 3; 2; 9; 81
9; 2; 3; 2; 10; 70
9; 2; 3; 2; 10; 71
9; 2; 3; 2; 10; 72
9; 2; 3; 2; 10; 73
9; 2; 3; 2; 10; 74
9; 2; 3; 2; 11; 68
9; 2; 3; 2; 11; 75
9; 2; 3; 2; 12; 53
9; 2; 3; 2; 12; 77
9; 2; 3; 2; 12; 78
9; 2; 3; 2; 13; 71
9; 2; 3; 2; 13; 72
9; 2; 3; 2; 13; 78
9; 2; 3; 2; 15; 90
9; 2; 3; 2; 16; 88
9; 2; 3; 2; 16; 89
9; 2; 3; 2; 16; 90
9; 2; 3; 2; 16; 91
9; 2; 3; 2; 18; 90
9; 2; 3; 2; 18; 91
9; 2; 3; 2; 19; 51
9; 2; 3; 2; 19; 69
9; 2; 3; 2; 19; 76
9; 2; 3; 2; 19; 79
9; 2; 3; 3; 0; 69
9; 2; 3; 3; 2; 19
9; 2; 3; 3; 3; 56
9; 2; 3; 3; 3; 73
9; 2; 3; 3; 5; 7
9; 2; 3; 3; 6; 75
9; 2; 3; 3; 7; 58
9; 2; 3; 3; 7; 59
9; 2; 3; 3; 7; 60
9; 2; 3; 3; 7; 80
9; 2; 3; 3; 8; 54
9; 2; 3; 3; 8; 66
9; 2; 3; 3; 10; 51
9; 2; 3; 3; 10; 52
9; 2; 3; 3; 10; 55
9; 2; 3; 3; 10; 56
9; 2; 3; 3; 10; 58
9; 2; 3; 3; 10; 62
9; 2; 3; 3; 10; 66
9; 2; 3; 3; 10; 67
9; 2; 3; 3; 10; 72
9; 2; 3; 3; 10; 73
9; 2; 3; 3; 11; 37
9; 2; 3; 3; 13; 13
9; 2; 3; 3; 13; 39
9; 2; 3; 3; 14; 63
9; 2; 3; 3; 14; 67
9; 2; 3; 3; 14; 68
9; 2; 3; 3; 14; 72
9; 2; 3; 3; 14; 75
9; 2; 3; 3; 14; 77
9; 2; 3; 3; 14; 78
9; 2; 3; 3; 14; 79
9; 2; 3; 3; 14; 80
9; 2; 3; 3; 14; 81
9; 2; 3; 3; 14; 82
9; 2; 3; 3; 14; 83
9; 2; 3; 3; 14; 84
9; 2; 3; 3; 14; 85
9; 2; 3; 3; 14; 87
9; 2; 3; 3; 14; 88
9; 2; 3; 3; 14; 89
9; 2; 3; 3; 14; 90
9; 2; 3; 3; 14; 91
9; 2; 3; 3; 18; 29
9; 2; 3; 3; 18; 48
9; 2; 3; 3; 18; 72
9; 2; 3; 3; 18; 76
9; 2; 3; 3; 18; 77
9; 2; 3; 3; 18; 80
9; 2; 3; 3; 18; 81
9; 2; 3; 3; 18; 83
9; 2; 3; 3; 18; 84
9; 2; 3; 3; 18; 85
9; 2; 3; 3; 18; 86
9; 2; 3; 3; 18; 87
9; 2; 3; 3; 18; 88
9; 2; 3; 3; 18; 89
9; 2; 3; 3; 18; 90
9; 2; 3; 3; 19; 14
9; 2; 3; 3; 19; 52
9; 2; 3; 3; 19; 53
9; 2; 3; 3; 19; 62
9; 2; 3; 3; 19; 63
9; 2; 3; 3; 19; 68
9; 2; 3; 3; 19; 69
9; 2; 3; 3; 19; 72
9; 2; 3; 3; 19; 74
9; 2; 3; 3; 19; 75
9; 2; 3; 3; 19; 76
9; 2; 3; 3; 19; 77
9; 2; 3; 3; 19; 78
9; 3; 0; 1; 2; 56
9; 3; 0; 1; 2; 59
9; 3; 0; 1; 5; 56
9; 3; 0; 1; 8; 53
9; 3; 0; 1; 8; 83
9; 3; 0; 1; 9; 38
9; 3; 0; 1; 9; 47
9; 3; 0; 1; 10; 60
9; 3; 0; 2; 0; 40
9; 3; 0; 2; 8; 60
9; 3; 0; 2; 8; 64
9; 3; 0; 2; 8; 69
9; 3; 0; 2; 8; 70
9; 3; 0; 2; 8; 81
9; 3; 0; 2; 8; 82
9; 3; 0; 2; 10; 20
9; 3; 0; 2; 12; 60
9; 3; 0; 2; 12; 63
9; 3; 0; 2; 12; 71
9; 3; 0; 2; 17; 68
9; 3; 0; 2; 18; 10
9; 3; 0; 2; 19; 52
9; 3; 0; 3; 0; 55
9; 3; 0; 3; 1; 55
9; 3; 0; 3; 1; 80
9; 3; 0; 3; 1; 89
9; 3; 0; 3; 2; 62
9; 3; 0; 3; 2; 76
9; 3; 0; 3; 3; 60
9; 3; 0; 3; 6; 9
9; 3; 0; 3; 6; 62
9; 3; 0; 3; 6; 63
9; 3; 0; 3; 6; 73
9; 3; 0; 3; 8; 60
9; 3; 0; 3; 8; 70
9; 3; 0; 3; 8; 72
9; 3; 0; 3; 8; 73
9; 3; 0; 3; 8; 79
9; 3; 0; 3; 8; 80
9; 3; 0; 3; 8; 81
9; 3; 0; 3; 8; 89
9; 3; 0; 3; 10; 14
9; 3; 0; 3; 10; 64
9; 3; 0; 3; 10; 70
9; 3; 0; 3; 10; 71
9; 3; 0; 3; 10; 75
9; 3; 0; 3; 10; 76
9; 3; 0; 3; 10; 77
9; 3; 0; 3; 12; 54
9; 3; 0; 3; 12; 66
9; 3; 0; 3; 12; 77
9; 3; 0; 3; 16; 66
9; 3; 0; 3; 16; 81
9; 3; 0; 3; 16; 83
9; 3; 0; 3; 17; 65
9; 3; 1; 1; 7; 57
9; 3; 1; 2; 3; 61
9; 3; 1; 2; 3; 70
9; 3; 1; 2; 5; 56
9; 3; 1; 2; 6; 53
9; 3; 1; 2; 7; 52
9; 3; 1; 2; 7; 62
9; 3; 1; 2; 7; 63
9; 3; 1; 2; 7; 71
9; 3; 1; 2; 7; 72
9; 3; 1; 2; 7; 81
9; 3; 1; 2; 10; 22
9; 3; 1; 2; 11; 58
9; 3; 1; 2; 12; 59
9; 3; 1; 2; 12; 68
9; 3; 1; 2; 12; 79
9; 3; 1; 2; 15; 72
9; 3; 1; 2; 16; 72
9; 3; 1; 2; 19; 49
9; 3; 1; 3; 0; 55
9; 3; 1; 3; 2; 62
9; 3; 1; 3; 2; 64
9; 3; 1; 3; 3; 59
9; 3; 1; 3; 4; 37
9; 3; 1; 3; 8; 61
9; 3; 1; 3; 8; 62
9; 3; 1; 3; 9; 13
9; 3; 1; 3; 9; 78
9; 3; 1; 3; 12; 74
9; 3; 1; 3; 12; 88
9; 3; 1; 3; 13; 66
9; 3; 1; 3; 13; 79
9; 3; 1; 3; 16; 30
9; 3; 1; 3; 17; 56
9; 3; 1; 3; 17; 58
9; 3; 1; 3; 17; 59
9; 3; 1; 3; 17; 70
9; 3; 1; 3; 18; 74
9; 3; 1; 3; 19; 48
9; 3; 1; 3; 19; 63
9; 3; 1; 3; 19; 72
9; 3; 1; 3; 19; 80
9; 3; 1; 3; 19; 81
9; 3; 2; 0; 2; 66
9; 3; 2; 1; 1; 76
9; 3; 2; 1; 8; 54
9; 3; 2; 1; 8; 82
9; 3; 2; 1; 10; 38
9; 3; 2; 1; 10; 47
9; 3; 2; 1; 16; 43
9; 3; 2; 2; 1; 58
9; 3; 2; 2; 1; 59
9; 3; 2; 2; 1; 68
9; 3; 2; 2; 4; 23
9; 3; 2; 2; 6; 53
9; 3; 2; 2; 6; 54
9; 3; 2; 2; 6; 61
9; 3; 2; 2; 6; 69
9; 3; 2; 2; 6; 70
9; 3; 2; 2; 6; 78
9; 3; 2; 2; 9; 39
9; 3; 2; 2; 9; 90
9; 3; 2; 2; 11; 90
9; 3; 2; 2; 11; 91
9; 3; 2; 2; 12; 76
9; 3; 2; 2; 13; 56
9; 3; 2; 2; 19; 55
9; 3; 2; 3; 1; 55
9; 3; 2; 3; 2; 43
9; 3; 2; 3; 2; 59
9; 3; 2; 3; 2; 90
9; 3; 2; 3; 3; 90
9; 3; 2; 3; 4; 63
9; 3; 2; 3; 6; 16
9; 3; 2; 3; 8; 40
9; 3; 2; 3; 12; 16
9; 3; 2; 3; 12; 20
9; 3; 2; 3; 12; 53
9; 3; 2; 3; 12; 76
9; 3; 2; 3; 12; 77
9; 3; 2; 3; 12; 78
9; 3; 2; 3; 15; 61
9; 3; 2; 3; 15; 62
9; 3; 2; 3; 16; 66
9; 3; 2; 3; 17; 51
9; 3; 2; 3; 17; 65
9; 3; 2; 3; 18; 11
9; 3; 2; 3; 19; 36
9; 3; 3; 0; 9; 82
9; 3; 3; 1; 4; 89
9; 3; 3; 1; 6; 45
9; 3; 3; 1; 8; 24
9; 3; 3; 1; 10; 57
9; 3; 3; 1; 10; 58
9; 3; 3; 1; 15; 52
9; 3; 3; 2; 3; 55
9; 3; 3; 2; 3; 62
9; 3; 3; 2; 3; 75
9; 3; 3; 2; 3; 76
9; 3; 3; 2; 4; 5
9; 3; 3; 2; 8; 51
9; 3; 3; 2; 9; 69
9; 3; 3; 2; 10; 22
9; 3; 3; 2; 10; 83
9; 3; 3; 3; 1; 11
9; 3; 3; 3; 2; 54
9; 3; 3; 3; 4; 55
9; 3; 3; 3; 4; 65
9; 3; 3; 3; 5; 12
9; 3; 3; 3; 5; 43
9; 3; 3; 3; 5; 67
9; 3; 3; 3; 7; 12
9; 3; 3; 3; 7; 59
9; 3; 3; 3; 7; 60
9; 3; 3; 3; 7; 72
9; 3; 3; 3; 7; 73
9; 3; 3; 3; 7; 81
9; 3; 3; 3; 8; 49
9; 3; 3; 3; 8; 57
9; 3; 3; 3; 8; 74
9; 3; 3; 3; 8; 75
9; 3; 3; 3; 8; 87
9; 3; 3; 3; 8; 88
9; 3; 3; 3; 9; 11
9; 3; 3; 3; 10; 43
9; 3; 3; 3; 10; 74
9; 3; 3; 3; 11; 54
9; 3; 3; 3; 12; 50
9; 3; 3; 3; 12; 51
9; 3; 3; 3; 12; 52
9; 3; 3; 3; 12; 61
9; 3; 3; 3; 12; 62
9; 3; 3; 3; 12; 63
9; 3; 3; 3; 13; 71
9; 3; 3; 3; 13; 76
9; 3; 3; 3; 13; 77
9; 3; 3; 3; 14; 19
9; 3; 3; 3; 16; 60
9; 3; 3; 3; 16; 69
9; 3; 3; 3; 16; 76
9; 3; 3; 3; 16; 77
9; 3; 3; 3; 16; 78
9; 3; 3; 3; 16; 82
9; 3; 3; 3; 16; 84
9; 3; 3; 3; 17; 22
