Ns_mhe;  Co_lvl;  Marker_noise;  EMG_noise;  nb_try;  iter
7; 0; 0; 0; 0; 'init'
7; 0; 0; 0; 0; 1
7; 0; 0; 0; 1; 'init'
7; 0; 0; 0; 1; 1
7; 0; 0; 0; 2; 'init'
7; 0; 0; 0; 2; 1
7; 0; 0; 0; 3; 'init'
7; 0; 0; 0; 3; 1
7; 0; 0; 0; 4; 'init'
7; 0; 0; 0; 4; 1
7; 0; 0; 0; 5; 'init'
7; 0; 0; 0; 5; 1
7; 0; 0; 0; 6; 'init'
7; 0; 0; 0; 6; 1
7; 0; 0; 0; 7; 'init'
7; 0; 0; 0; 7; 1
7; 0; 0; 0; 8; 'init'
7; 0; 0; 0; 8; 1
7; 0; 0; 0; 9; 'init'
7; 0; 0; 0; 9; 1
7; 0; 0; 0; 10; 'init'
7; 0; 0; 0; 10; 1
7; 0; 0; 0; 11; 'init'
7; 0; 0; 0; 11; 1
7; 0; 0; 0; 12; 'init'
7; 0; 0; 0; 12; 1
7; 0; 0; 0; 13; 'init'
7; 0; 0; 0; 13; 1
7; 0; 0; 0; 14; 'init'
7; 0; 0; 0; 14; 1
7; 0; 0; 0; 15; 'init'
7; 0; 0; 0; 15; 1
7; 0; 0; 0; 16; 'init'
7; 0; 0; 0; 16; 1
7; 0; 0; 0; 17; 'init'
7; 0; 0; 0; 17; 1
7; 0; 0; 0; 18; 'init'
7; 0; 0; 0; 18; 1
7; 0; 0; 0; 19; 'init'
7; 0; 0; 0; 19; 1
7; 0; 0; 0; 20; 'init'
7; 0; 0; 0; 20; 1
7; 0; 0; 0; 21; 'init'
7; 0; 0; 0; 21; 1
7; 0; 0; 0; 22; 'init'
7; 0; 0; 0; 22; 1
7; 0; 0; 0; 23; 'init'
7; 0; 0; 0; 23; 1
7; 0; 0; 0; 24; 'init'
7; 0; 0; 0; 24; 1
7; 0; 0; 0; 25; 'init'
7; 0; 0; 0; 25; 1
7; 0; 0; 0; 26; 'init'
7; 0; 0; 0; 26; 1
7; 0; 0; 0; 27; 'init'
7; 0; 0; 0; 27; 1
7; 0; 0; 0; 28; 'init'
7; 0; 0; 0; 28; 1
7; 0; 0; 0; 29; 'init'
7; 0; 0; 0; 29; 1
7; 0; 1; 0; 0; 'init'
7; 0; 1; 0; 0; 1
7; 0; 1; 0; 0; 2
7; 0; 1; 0; 1; 'init'
7; 0; 1; 0; 1; 1
7; 0; 1; 0; 1; 2
7; 0; 1; 0; 1; 3
7; 0; 1; 0; 2; 'init'
7; 0; 1; 0; 2; 1
7; 0; 1; 0; 3; 'init'
7; 0; 1; 0; 3; 1
7; 0; 1; 0; 4; 'init'
7; 0; 1; 0; 4; 1
7; 0; 1; 0; 5; 'init'
7; 0; 1; 0; 5; 1
7; 0; 1; 0; 6; 'init'
7; 0; 1; 0; 6; 1
7; 0; 1; 0; 7; 'init'
7; 0; 1; 0; 7; 1
7; 0; 1; 0; 8; 'init'
7; 0; 1; 0; 8; 1
7; 0; 1; 0; 9; 'init'
7; 0; 1; 0; 9; 1
7; 0; 1; 0; 10; 'init'
7; 0; 1; 0; 10; 1
7; 0; 1; 0; 10; 2
7; 0; 1; 0; 11; 'init'
7; 0; 1; 0; 11; 1
7; 0; 1; 0; 12; 'init'
7; 0; 1; 0; 12; 1
7; 0; 1; 0; 12; 2
7; 0; 1; 0; 13; 'init'
7; 0; 1; 0; 13; 1
7; 0; 1; 0; 14; 'init'
7; 0; 1; 0; 14; 1
7; 0; 1; 0; 15; 'init'
7; 0; 1; 0; 15; 1
7; 0; 1; 0; 16; 'init'
7; 0; 1; 0; 16; 1
7; 0; 1; 0; 17; 'init'
7; 0; 1; 0; 17; 1
7; 0; 1; 0; 18; 'init'
7; 0; 1; 0; 18; 1
7; 0; 1; 0; 18; 2
7; 0; 1; 0; 19; 'init'
7; 0; 1; 0; 19; 1
7; 0; 1; 0; 20; 'init'
7; 0; 1; 0; 20; 1
7; 0; 1; 0; 20; 2
7; 0; 1; 0; 21; 'init'
7; 0; 1; 0; 21; 1
7; 0; 1; 0; 22; 'init'
7; 0; 1; 0; 22; 1
7; 0; 1; 0; 23; 'init'
7; 0; 1; 0; 23; 1
7; 0; 1; 0; 23; 2
7; 0; 1; 0; 24; 'init'
7; 0; 1; 0; 24; 1
7; 0; 1; 0; 25; 'init'
7; 0; 1; 0; 25; 1
7; 0; 1; 0; 26; 'init'
7; 0; 1; 0; 26; 1
7; 0; 1; 0; 27; 'init'
7; 0; 1; 0; 27; 1
7; 0; 1; 0; 27; 2
7; 0; 1; 0; 28; 'init'
7; 0; 1; 0; 28; 1
7; 0; 1; 0; 29; 'init'
7; 0; 1; 0; 29; 1
7; 0; 2; 0; 0; 'init'
7; 0; 2; 0; 0; 1
7; 0; 2; 0; 1; 'init'
7; 0; 2; 0; 1; 1
7; 0; 2; 0; 2; 'init'
7; 0; 2; 0; 2; 1
7; 0; 2; 0; 2; 3
7; 0; 2; 0; 2; 64
7; 0; 2; 0; 2; 124
7; 0; 2; 0; 3; 'init'
7; 0; 2; 0; 3; 1
7; 0; 2; 0; 4; 'init'
7; 0; 2; 0; 4; 1
7; 0; 2; 0; 5; 'init'
7; 0; 2; 0; 5; 1
7; 0; 2; 0; 6; 'init'
7; 0; 2; 0; 6; 1
7; 0; 2; 0; 7; 'init'
7; 0; 2; 0; 7; 1
7; 0; 2; 0; 8; 'init'
7; 0; 2; 0; 8; 1
7; 0; 2; 0; 8; 2
7; 0; 2; 0; 9; 'init'
7; 0; 2; 0; 9; 1
7; 0; 2; 0; 9; 2
7; 0; 2; 0; 9; 3
7; 0; 2; 0; 10; 'init'
7; 0; 2; 0; 10; 1
7; 0; 2; 0; 11; 'init'
7; 0; 2; 0; 11; 1
7; 0; 2; 0; 12; 'init'
7; 0; 2; 0; 12; 1
7; 0; 2; 0; 13; 'init'
7; 0; 2; 0; 13; 1
7; 0; 2; 0; 14; 'init'
7; 0; 2; 0; 14; 1
7; 0; 2; 0; 15; 'init'
7; 0; 2; 0; 15; 1
7; 0; 2; 0; 15; 2
7; 0; 2; 0; 16; 'init'
7; 0; 2; 0; 16; 1
7; 0; 2; 0; 17; 'init'
7; 0; 2; 0; 17; 1
7; 0; 2; 0; 18; 'init'
7; 0; 2; 0; 18; 1
7; 0; 2; 0; 19; 'init'
7; 0; 2; 0; 19; 1
7; 0; 2; 0; 20; 'init'
7; 0; 2; 0; 20; 1
7; 0; 2; 0; 20; 2
7; 0; 2; 0; 21; 'init'
7; 0; 2; 0; 21; 1
7; 0; 2; 0; 22; 'init'
7; 0; 2; 0; 22; 1
7; 0; 2; 0; 22; 2
7; 0; 2; 0; 23; 'init'
7; 0; 2; 0; 23; 1
7; 0; 2; 0; 24; 'init'
7; 0; 2; 0; 24; 1
7; 0; 2; 0; 25; 'init'
7; 0; 2; 0; 25; 1
7; 0; 2; 0; 25; 56
7; 0; 2; 0; 25; 132
7; 0; 2; 0; 25; 256
7; 0; 2; 0; 26; 'init'
7; 0; 2; 0; 26; 1
7; 0; 2; 0; 27; 'init'
7; 0; 2; 0; 27; 1
7; 0; 2; 0; 28; 'init'
7; 0; 2; 0; 28; 1
7; 0; 2; 0; 29; 'init'
7; 0; 2; 0; 29; 1
7; 0; 3; 0; 0; 'init'
7; 0; 3; 0; 0; 1
7; 0; 3; 0; 0; 5
7; 0; 3; 0; 0; 10
7; 0; 3; 0; 1; 'init'
7; 0; 3; 0; 1; 1
7; 0; 3; 0; 2; 'init'
7; 0; 3; 0; 3; 'init'
7; 0; 3; 0; 3; 1
7; 0; 3; 0; 3; 78
7; 0; 3; 0; 3; 114
7; 0; 3; 0; 3; 141
7; 0; 3; 0; 3; 143
7; 0; 3; 0; 3; 207
7; 0; 3; 0; 4; 'init'
7; 0; 3; 0; 5; 'init'
7; 0; 3; 0; 5; 1
7; 0; 3; 0; 6; 'init'
7; 0; 3; 0; 6; 1
7; 0; 3; 0; 7; 'init'
7; 0; 3; 0; 7; 1
7; 0; 3; 0; 7; 56
7; 0; 3; 0; 7; 256
7; 0; 3; 0; 8; 'init'
7; 0; 3; 0; 9; 'init'
7; 0; 3; 0; 9; 1
7; 0; 3; 0; 9; 73
7; 0; 3; 0; 9; 208
7; 0; 3; 0; 10; 'init'
7; 0; 3; 0; 11; 'init'
7; 0; 3; 0; 12; 'init'
7; 0; 3; 0; 12; 1
7; 0; 3; 0; 13; 'init'
7; 0; 3; 0; 13; 1
7; 0; 3; 0; 14; 'init'
7; 0; 3; 0; 14; 1
7; 0; 3; 0; 14; 47
7; 0; 3; 0; 14; 117
7; 0; 3; 0; 14; 139
7; 0; 3; 0; 14; 141
7; 0; 3; 0; 14; 205
7; 0; 3; 0; 14; 247
7; 0; 3; 0; 15; 'init'
7; 0; 3; 0; 16; 'init'
7; 0; 3; 0; 16; 1
7; 0; 3; 0; 16; 3
7; 0; 3; 0; 17; 'init'
7; 0; 3; 0; 17; 5
7; 0; 3; 0; 17; 259
7; 0; 3; 0; 18; 'init'
7; 0; 3; 0; 18; 1
7; 0; 3; 0; 18; 191
7; 0; 3; 0; 19; 'init'
7; 0; 3; 0; 19; 1
7; 0; 3; 0; 20; 'init'
7; 0; 3; 0; 20; 1
7; 0; 3; 0; 21; 'init'
7; 0; 3; 0; 21; 1
7; 0; 3; 0; 22; 'init'
7; 0; 3; 0; 22; 1
7; 0; 3; 0; 23; 'init'
7; 0; 3; 0; 23; 1
7; 0; 3; 0; 23; 71
7; 0; 3; 0; 24; 'init'
7; 0; 3; 0; 25; 'init'
7; 0; 3; 0; 25; 1
7; 0; 3; 0; 25; 60
7; 0; 3; 0; 25; 61
7; 0; 3; 0; 25; 127
7; 0; 3; 0; 25; 128
7; 0; 3; 0; 25; 194
7; 0; 3; 0; 26; 'init'
7; 0; 3; 0; 26; 1
7; 0; 3; 0; 27; 'init'
7; 0; 3; 0; 27; 1
7; 0; 3; 0; 27; 3
7; 0; 3; 0; 27; 187
7; 0; 3; 0; 28; 'init'
7; 0; 3; 0; 28; 135
7; 0; 3; 0; 28; 253
7; 0; 3; 0; 29; 'init'
7; 1; 0; 0; 0; 'init'
7; 1; 0; 0; 0; 1
7; 1; 0; 0; 1; 'init'
7; 1; 0; 0; 1; 1
7; 1; 0; 0; 2; 'init'
7; 1; 0; 0; 2; 1
7; 1; 0; 0; 3; 'init'
7; 1; 0; 0; 3; 1
7; 1; 0; 0; 4; 'init'
7; 1; 0; 0; 4; 1
7; 1; 0; 0; 5; 'init'
7; 1; 0; 0; 5; 1
7; 1; 0; 0; 6; 'init'
7; 1; 0; 0; 6; 1
7; 1; 0; 0; 7; 'init'
7; 1; 0; 0; 7; 1
7; 1; 0; 0; 8; 'init'
7; 1; 0; 0; 8; 1
7; 1; 0; 0; 9; 'init'
7; 1; 0; 0; 9; 1
7; 1; 0; 0; 10; 'init'
7; 1; 0; 0; 10; 1
7; 1; 0; 0; 11; 'init'
7; 1; 0; 0; 11; 1
7; 1; 0; 0; 12; 'init'
7; 1; 0; 0; 12; 1
7; 1; 0; 0; 13; 'init'
7; 1; 0; 0; 13; 1
7; 1; 0; 0; 14; 'init'
7; 1; 0; 0; 14; 1
7; 1; 0; 0; 15; 'init'
7; 1; 0; 0; 15; 1
7; 1; 0; 0; 16; 'init'
7; 1; 0; 0; 16; 1
7; 1; 0; 0; 17; 'init'
7; 1; 0; 0; 17; 1
7; 1; 0; 0; 18; 'init'
7; 1; 0; 0; 18; 1
7; 1; 0; 0; 19; 'init'
7; 1; 0; 0; 19; 1
7; 1; 0; 0; 20; 'init'
7; 1; 0; 0; 20; 1
7; 1; 0; 0; 21; 'init'
7; 1; 0; 0; 21; 1
7; 1; 0; 0; 22; 'init'
7; 1; 0; 0; 22; 1
7; 1; 0; 0; 23; 'init'
7; 1; 0; 0; 23; 1
7; 1; 0; 0; 24; 'init'
7; 1; 0; 0; 24; 1
7; 1; 0; 0; 25; 'init'
7; 1; 0; 0; 25; 1
7; 1; 0; 0; 26; 'init'
7; 1; 0; 0; 26; 1
7; 1; 0; 0; 27; 'init'
7; 1; 0; 0; 27; 1
7; 1; 0; 0; 28; 'init'
7; 1; 0; 0; 28; 1
7; 1; 0; 0; 29; 'init'
7; 1; 0; 0; 29; 1
7; 1; 1; 0; 0; 'init'
7; 1; 1; 0; 0; 1
7; 1; 1; 0; 0; 2
7; 1; 1; 0; 0; 3
7; 1; 1; 0; 1; 'init'
7; 1; 1; 0; 1; 1
7; 1; 1; 0; 2; 'init'
7; 1; 1; 0; 2; 1
7; 1; 1; 0; 3; 'init'
7; 1; 1; 0; 3; 1
7; 1; 1; 0; 4; 'init'
7; 1; 1; 0; 4; 1
7; 1; 1; 0; 4; 2
7; 1; 1; 0; 5; 'init'
7; 1; 1; 0; 5; 1
7; 1; 1; 0; 6; 'init'
7; 1; 1; 0; 6; 1
7; 1; 1; 0; 7; 'init'
7; 1; 1; 0; 7; 1
7; 1; 1; 0; 8; 'init'
7; 1; 1; 0; 8; 1
7; 1; 1; 0; 9; 'init'
7; 1; 1; 0; 9; 1
7; 1; 1; 0; 9; 134
7; 1; 1; 0; 10; 'init'
7; 1; 1; 0; 10; 1
7; 1; 1; 0; 10; 2
7; 1; 1; 0; 11; 'init'
7; 1; 1; 0; 11; 1
7; 1; 1; 0; 12; 'init'
7; 1; 1; 0; 12; 1
7; 1; 1; 0; 12; 247
7; 1; 1; 0; 13; 'init'
7; 1; 1; 0; 13; 1
7; 1; 1; 0; 14; 'init'
7; 1; 1; 0; 14; 1
7; 1; 1; 0; 15; 'init'
7; 1; 1; 0; 15; 1
7; 1; 1; 0; 16; 'init'
7; 1; 1; 0; 16; 1
7; 1; 1; 0; 17; 'init'
7; 1; 1; 0; 17; 1
7; 1; 1; 0; 17; 64
7; 1; 1; 0; 18; 'init'
7; 1; 1; 0; 18; 1
7; 1; 1; 0; 19; 'init'
7; 1; 1; 0; 19; 1
7; 1; 1; 0; 20; 'init'
7; 1; 1; 0; 20; 1
7; 1; 1; 0; 21; 'init'
7; 1; 1; 0; 21; 1
7; 1; 1; 0; 22; 'init'
7; 1; 1; 0; 22; 1
7; 1; 1; 0; 23; 'init'
7; 1; 1; 0; 23; 1
7; 1; 1; 0; 24; 'init'
7; 1; 1; 0; 24; 1
7; 1; 1; 0; 25; 'init'
7; 1; 1; 0; 25; 1
7; 1; 1; 0; 25; 2
7; 1; 1; 0; 26; 'init'
7; 1; 1; 0; 26; 1
7; 1; 1; 0; 27; 'init'
7; 1; 1; 0; 27; 1
7; 1; 1; 0; 27; 2
7; 1; 1; 0; 27; 3
7; 1; 1; 0; 27; 4
7; 1; 1; 0; 28; 'init'
7; 1; 1; 0; 28; 1
7; 1; 1; 0; 29; 'init'
7; 1; 1; 0; 29; 1
7; 1; 2; 0; 0; 'init'
7; 1; 2; 0; 0; 1
7; 1; 2; 0; 0; 2
7; 1; 2; 0; 0; 3
7; 1; 2; 0; 0; 59
7; 1; 2; 0; 0; 62
7; 1; 2; 0; 0; 129
7; 1; 2; 0; 1; 'init'
7; 1; 2; 0; 1; 1
7; 1; 2; 0; 2; 'init'
7; 1; 2; 0; 2; 1
7; 1; 2; 0; 3; 'init'
7; 1; 2; 0; 3; 1
7; 1; 2; 0; 4; 'init'
7; 1; 2; 0; 4; 1
7; 1; 2; 0; 4; 65
7; 1; 2; 0; 4; 123
7; 1; 2; 0; 5; 'init'
7; 1; 2; 0; 5; 1
7; 1; 2; 0; 6; 'init'
7; 1; 2; 0; 6; 1
7; 1; 2; 0; 7; 'init'
7; 1; 2; 0; 7; 1
7; 1; 2; 0; 8; 'init'
7; 1; 2; 0; 8; 1
7; 1; 2; 0; 9; 'init'
7; 1; 2; 0; 9; 1
7; 1; 2; 0; 10; 'init'
7; 1; 2; 0; 10; 1
7; 1; 2; 0; 11; 'init'
7; 1; 2; 0; 11; 1
7; 1; 2; 0; 11; 255
7; 1; 2; 0; 12; 'init'
7; 1; 2; 0; 12; 1
7; 1; 2; 0; 12; 2
7; 1; 2; 0; 12; 56
7; 1; 2; 0; 12; 132
7; 1; 2; 0; 12; 256
7; 1; 2; 0; 13; 'init'
7; 1; 2; 0; 13; 1
7; 1; 2; 0; 14; 'init'
7; 1; 2; 0; 14; 1
7; 1; 2; 0; 14; 2
7; 1; 2; 0; 15; 'init'
7; 1; 2; 0; 15; 1
7; 1; 2; 0; 16; 'init'
7; 1; 2; 0; 16; 1
7; 1; 2; 0; 17; 'init'
7; 1; 2; 0; 17; 1
7; 1; 2; 0; 17; 2
7; 1; 2; 0; 17; 66
7; 1; 2; 0; 18; 'init'
7; 1; 2; 0; 18; 1
7; 1; 2; 0; 19; 'init'
7; 1; 2; 0; 19; 1
7; 1; 2; 0; 20; 'init'
7; 1; 2; 0; 20; 1
7; 1; 2; 0; 21; 'init'
7; 1; 2; 0; 21; 1
7; 1; 2; 0; 22; 'init'
7; 1; 2; 0; 22; 1
7; 1; 2; 0; 23; 'init'
7; 1; 2; 0; 23; 1
7; 1; 2; 0; 24; 'init'
7; 1; 2; 0; 24; 1
7; 1; 2; 0; 25; 'init'
7; 1; 2; 0; 25; 1
7; 1; 2; 0; 26; 'init'
7; 1; 2; 0; 26; 1
7; 1; 2; 0; 27; 'init'
7; 1; 2; 0; 27; 1
7; 1; 2; 0; 28; 'init'
7; 1; 2; 0; 28; 1
7; 1; 2; 0; 29; 'init'
7; 1; 2; 0; 29; 1
7; 1; 3; 0; 0; 'init'
7; 1; 3; 0; 1; 'init'
7; 1; 3; 0; 1; 1
7; 1; 3; 0; 2; 'init'
7; 1; 3; 0; 2; 1
7; 1; 3; 0; 2; 62
7; 1; 3; 0; 2; 131
7; 1; 3; 0; 3; 'init'
7; 1; 3; 0; 4; 'init'
7; 1; 3; 0; 4; 1
7; 1; 3; 0; 4; 69
7; 1; 3; 0; 4; 116
7; 1; 3; 0; 5; 'init'
7; 1; 3; 0; 6; 'init'
7; 1; 3; 0; 6; 1
7; 1; 3; 0; 6; 58
7; 1; 3; 0; 6; 130
7; 1; 3; 0; 6; 258
7; 1; 3; 0; 6; 259
7; 1; 3; 0; 7; 'init'
7; 1; 3; 0; 7; 1
7; 1; 3; 0; 8; 'init'
7; 1; 3; 0; 8; 1
7; 1; 3; 0; 9; 'init'
7; 1; 3; 0; 9; 1
7; 1; 3; 0; 10; 'init'
7; 1; 3; 0; 10; 1
7; 1; 3; 0; 11; 'init'
7; 1; 3; 0; 11; 1
7; 1; 3; 0; 12; 'init'
7; 1; 3; 0; 12; 1
7; 1; 3; 0; 13; 'init'
7; 1; 3; 0; 13; 1
7; 1; 3; 0; 14; 'init'
7; 1; 3; 0; 14; 1
7; 1; 3; 0; 14; 66
7; 1; 3; 0; 15; 'init'
7; 1; 3; 0; 15; 1
7; 1; 3; 0; 15; 124
7; 1; 3; 0; 16; 'init'
7; 1; 3; 0; 16; 1
7; 1; 3; 0; 17; 'init'
7; 1; 3; 0; 17; 1
7; 1; 3; 0; 18; 'init'
7; 1; 3; 0; 18; 1
7; 1; 3; 0; 19; 'init'
7; 1; 3; 0; 19; 1
7; 1; 3; 0; 19; 2
7; 1; 3; 0; 20; 'init'
7; 1; 3; 0; 20; 1
7; 1; 3; 0; 21; 'init'
7; 1; 3; 0; 21; 1
7; 1; 3; 0; 21; 59
7; 1; 3; 0; 21; 129
7; 1; 3; 0; 22; 'init'
7; 1; 3; 0; 22; 1
7; 1; 3; 0; 22; 2
7; 1; 3; 0; 22; 3
7; 1; 3; 0; 23; 'init'
7; 1; 3; 0; 23; 1
7; 1; 3; 0; 24; 'init'
7; 1; 3; 0; 24; 1
7; 1; 3; 0; 24; 8
7; 1; 3; 0; 24; 183
7; 1; 3; 0; 25; 'init'
7; 1; 3; 0; 26; 'init'
7; 1; 3; 0; 26; 1
7; 1; 3; 0; 27; 'init'
7; 1; 3; 0; 27; 1
7; 1; 3; 0; 28; 'init'
7; 1; 3; 0; 28; 1
7; 1; 3; 0; 28; 52
7; 1; 3; 0; 28; 66
7; 1; 3; 0; 28; 252
7; 1; 3; 0; 29; 'init'
7; 1; 3; 0; 29; 1
7; 1; 3; 0; 29; 43
7; 1; 3; 0; 29; 196
7; 2; 0; 0; 0; 'init'
7; 2; 0; 0; 1; 'init'
7; 2; 0; 0; 1; 1
7; 2; 0; 0; 1; 2
7; 2; 0; 0; 2; 'init'
7; 2; 0; 0; 2; 1
7; 2; 0; 0; 2; 2
7; 2; 0; 0; 3; 'init'
7; 2; 0; 0; 3; 1
7; 2; 0; 0; 3; 2
7; 2; 0; 0; 4; 'init'
7; 2; 0; 0; 4; 1
7; 2; 0; 0; 4; 2
7; 2; 0; 0; 5; 'init'
7; 2; 0; 0; 5; 1
7; 2; 0; 0; 5; 2
7; 2; 0; 0; 6; 'init'
7; 2; 0; 0; 6; 1
7; 2; 0; 0; 6; 2
7; 2; 0; 0; 7; 'init'
7; 2; 0; 0; 7; 1
7; 2; 0; 0; 7; 2
7; 2; 0; 0; 8; 'init'
7; 2; 0; 0; 8; 1
7; 2; 0; 0; 8; 2
7; 2; 0; 0; 9; 'init'
7; 2; 0; 0; 9; 1
7; 2; 0; 0; 9; 2
7; 2; 0; 0; 10; 'init'
7; 2; 0; 0; 10; 1
7; 2; 0; 0; 10; 2
7; 2; 0; 0; 11; 'init'
7; 2; 0; 0; 11; 1
7; 2; 0; 0; 11; 2
7; 2; 0; 0; 12; 'init'
7; 2; 0; 0; 12; 1
7; 2; 0; 0; 12; 2
7; 2; 0; 0; 13; 'init'
7; 2; 0; 0; 13; 1
7; 2; 0; 0; 13; 2
7; 2; 0; 0; 14; 'init'
7; 2; 0; 0; 14; 1
7; 2; 0; 0; 14; 2
7; 2; 0; 0; 15; 'init'
7; 2; 0; 0; 15; 1
7; 2; 0; 0; 15; 2
7; 2; 0; 0; 16; 'init'
7; 2; 0; 0; 16; 1
7; 2; 0; 0; 16; 2
7; 2; 0; 0; 17; 'init'
7; 2; 0; 0; 17; 1
7; 2; 0; 0; 17; 2
7; 2; 0; 0; 18; 'init'
7; 2; 0; 0; 18; 1
7; 2; 0; 0; 18; 2
7; 2; 0; 0; 19; 'init'
7; 2; 0; 0; 19; 1
7; 2; 0; 0; 19; 2
7; 2; 0; 0; 20; 'init'
7; 2; 0; 0; 20; 1
7; 2; 0; 0; 20; 2
7; 2; 0; 0; 21; 'init'
7; 2; 0; 0; 21; 1
7; 2; 0; 0; 21; 2
7; 2; 0; 0; 22; 'init'
7; 2; 0; 0; 22; 1
7; 2; 0; 0; 22; 2
7; 2; 0; 0; 23; 'init'
7; 2; 0; 0; 23; 1
7; 2; 0; 0; 23; 2
7; 2; 0; 0; 24; 'init'
7; 2; 0; 0; 24; 1
7; 2; 0; 0; 24; 2
7; 2; 0; 0; 25; 'init'
7; 2; 0; 0; 25; 1
7; 2; 0; 0; 25; 2
7; 2; 0; 0; 26; 'init'
7; 2; 0; 0; 26; 1
7; 2; 0; 0; 26; 2
7; 2; 0; 0; 27; 'init'
7; 2; 0; 0; 27; 1
7; 2; 0; 0; 27; 2
7; 2; 0; 0; 28; 'init'
7; 2; 0; 0; 28; 1
7; 2; 0; 0; 28; 2
7; 2; 0; 0; 29; 'init'
7; 2; 0; 0; 29; 1
7; 2; 0; 0; 29; 2
7; 2; 1; 0; 0; 'init'
7; 2; 1; 0; 0; 1
7; 2; 1; 0; 1; 'init'
7; 2; 1; 0; 1; 1
7; 2; 1; 0; 2; 'init'
7; 2; 1; 0; 2; 1
7; 2; 1; 0; 3; 'init'
7; 2; 1; 0; 3; 1
7; 2; 1; 0; 4; 'init'
7; 2; 1; 0; 4; 1
7; 2; 1; 0; 5; 'init'
7; 2; 1; 0; 5; 1
7; 2; 1; 0; 6; 'init'
7; 2; 1; 0; 6; 1
7; 2; 1; 0; 6; 2
7; 2; 1; 0; 7; 'init'
7; 2; 1; 0; 7; 1
7; 2; 1; 0; 8; 'init'
7; 2; 1; 0; 8; 1
7; 2; 1; 0; 8; 2
7; 2; 1; 0; 9; 'init'
7; 2; 1; 0; 9; 1
7; 2; 1; 0; 10; 'init'
7; 2; 1; 0; 10; 1
7; 2; 1; 0; 11; 'init'
7; 2; 1; 0; 11; 1
7; 2; 1; 0; 12; 'init'
7; 2; 1; 0; 12; 1
7; 2; 1; 0; 13; 'init'
7; 2; 1; 0; 13; 1
7; 2; 1; 0; 14; 'init'
7; 2; 1; 0; 14; 1
7; 2; 1; 0; 15; 'init'
7; 2; 1; 0; 15; 1
7; 2; 1; 0; 16; 'init'
7; 2; 1; 0; 16; 1
7; 2; 1; 0; 16; 2
7; 2; 1; 0; 17; 'init'
7; 2; 1; 0; 17; 1
7; 2; 1; 0; 17; 2
7; 2; 1; 0; 18; 'init'
7; 2; 1; 0; 18; 1
7; 2; 1; 0; 19; 'init'
7; 2; 1; 0; 19; 1
7; 2; 1; 0; 20; 'init'
7; 2; 1; 0; 20; 1
7; 2; 1; 0; 21; 'init'
7; 2; 1; 0; 21; 1
7; 2; 1; 0; 22; 'init'
7; 2; 1; 0; 22; 1
7; 2; 1; 0; 23; 'init'
7; 2; 1; 0; 23; 1
7; 2; 1; 0; 24; 'init'
7; 2; 1; 0; 24; 1
7; 2; 1; 0; 25; 'init'
7; 2; 1; 0; 25; 1
7; 2; 1; 0; 26; 'init'
7; 2; 1; 0; 26; 1
7; 2; 1; 0; 27; 'init'
7; 2; 1; 0; 27; 1
7; 2; 1; 0; 28; 'init'
7; 2; 1; 0; 28; 1
7; 2; 1; 0; 28; 2
7; 2; 1; 0; 29; 'init'
7; 2; 1; 0; 29; 1
7; 2; 2; 0; 0; 'init'
7; 2; 2; 0; 0; 1
7; 2; 2; 0; 1; 'init'
7; 2; 2; 0; 1; 1
7; 2; 2; 0; 1; 5
7; 2; 2; 0; 1; 67
7; 2; 2; 0; 1; 121
7; 2; 2; 0; 2; 'init'
7; 2; 2; 0; 2; 1
7; 2; 2; 0; 3; 'init'
7; 2; 2; 0; 3; 1
7; 2; 2; 0; 3; 2
7; 2; 2; 0; 3; 58
7; 2; 2; 0; 3; 63
7; 2; 2; 0; 4; 'init'
7; 2; 2; 0; 4; 1
7; 2; 2; 0; 4; 70
7; 2; 2; 0; 4; 118
7; 2; 2; 0; 5; 'init'
7; 2; 2; 0; 5; 1
7; 2; 2; 0; 5; 66
7; 2; 2; 0; 5; 122
7; 2; 2; 0; 6; 'init'
7; 2; 2; 0; 6; 1
7; 2; 2; 0; 7; 'init'
7; 2; 2; 0; 7; 1
7; 2; 2; 0; 8; 'init'
7; 2; 2; 0; 8; 1
7; 2; 2; 0; 9; 'init'
7; 2; 2; 0; 9; 1
7; 2; 2; 0; 10; 'init'
7; 2; 2; 0; 10; 1
7; 2; 2; 0; 11; 'init'
7; 2; 2; 0; 11; 1
7; 2; 2; 0; 12; 'init'
7; 2; 2; 0; 12; 1
7; 2; 2; 0; 13; 'init'
7; 2; 2; 0; 13; 1
7; 2; 2; 0; 13; 2
7; 2; 2; 0; 14; 'init'
7; 2; 2; 0; 14; 1
7; 2; 2; 0; 15; 'init'
7; 2; 2; 0; 15; 1
7; 2; 2; 0; 16; 'init'
7; 2; 2; 0; 16; 1
7; 2; 2; 0; 17; 'init'
7; 2; 2; 0; 17; 1
7; 2; 2; 0; 18; 'init'
7; 2; 2; 0; 18; 1
7; 2; 2; 0; 19; 'init'
7; 2; 2; 0; 19; 1
7; 2; 2; 0; 20; 'init'
7; 2; 2; 0; 20; 1
7; 2; 2; 0; 21; 'init'
7; 2; 2; 0; 21; 1
7; 2; 2; 0; 22; 'init'
7; 2; 2; 0; 22; 1
7; 2; 2; 0; 23; 'init'
7; 2; 2; 0; 23; 1
7; 2; 2; 0; 23; 2
7; 2; 2; 0; 24; 'init'
7; 2; 2; 0; 24; 1
7; 2; 2; 0; 25; 'init'
7; 2; 2; 0; 25; 1
7; 2; 2; 0; 26; 'init'
7; 2; 2; 0; 26; 1
7; 2; 2; 0; 26; 123
7; 2; 2; 0; 27; 'init'
7; 2; 2; 0; 27; 1
7; 2; 2; 0; 27; 58
7; 2; 2; 0; 27; 63
7; 2; 2; 0; 28; 'init'
7; 2; 2; 0; 28; 1
7; 2; 2; 0; 28; 64
7; 2; 2; 0; 29; 'init'
7; 2; 2; 0; 29; 1
7; 2; 3; 0; 0; 'init'
7; 2; 3; 0; 0; 1
7; 2; 3; 0; 1; 'init'
7; 2; 3; 0; 1; 1
7; 2; 3; 0; 1; 3
7; 2; 3; 0; 1; 185
7; 2; 3; 0; 2; 'init'
7; 2; 3; 0; 2; 1
7; 2; 3; 0; 3; 'init'
7; 2; 3; 0; 3; 1
7; 2; 3; 0; 3; 2
7; 2; 3; 0; 3; 132
7; 2; 3; 0; 4; 'init'
7; 2; 3; 0; 4; 1
7; 2; 3; 0; 5; 'init'
7; 2; 3; 0; 5; 1
7; 2; 3; 0; 5; 198
7; 2; 3; 0; 6; 'init'
7; 2; 3; 0; 6; 29
7; 2; 3; 0; 6; 42
7; 2; 3; 0; 6; 96
7; 2; 3; 0; 6; 242
7; 2; 3; 0; 7; 'init'
7; 2; 3; 0; 8; 'init'
7; 2; 3; 0; 8; 1
7; 2; 3; 0; 9; 'init'
7; 2; 3; 0; 9; 28
7; 2; 3; 0; 9; 29
7; 2; 3; 0; 9; 30
7; 2; 3; 0; 9; 31
7; 2; 3; 0; 9; 32
7; 2; 3; 0; 9; 33
7; 2; 3; 0; 9; 34
7; 2; 3; 0; 9; 35
7; 2; 3; 0; 9; 36
7; 2; 3; 0; 9; 37
7; 2; 3; 0; 9; 104
7; 2; 3; 0; 9; 226
7; 2; 3; 0; 10; 'init'
7; 2; 3; 0; 11; 'init'
7; 2; 3; 0; 11; 1
7; 2; 3; 0; 12; 'init'
7; 2; 3; 0; 12; 1
7; 2; 3; 0; 12; 3
7; 2; 3; 0; 12; 58
7; 2; 3; 0; 12; 130
7; 2; 3; 0; 12; 258
7; 2; 3; 0; 13; 'init'
7; 2; 3; 0; 13; 1
7; 2; 3; 0; 14; 'init'
7; 2; 3; 0; 14; 1
7; 2; 3; 0; 15; 'init'
7; 2; 3; 0; 15; 1
7; 2; 3; 0; 16; 'init'
7; 2; 3; 0; 16; 1
7; 2; 3; 0; 17; 'init'
7; 2; 3; 0; 17; 1
7; 2; 3; 0; 18; 'init'
7; 2; 3; 0; 18; 1
7; 2; 3; 0; 18; 3
7; 2; 3; 0; 18; 131
7; 2; 3; 0; 18; 188
7; 2; 3; 0; 18; 200
7; 2; 3; 0; 19; 'init'
7; 2; 3; 0; 19; 1
7; 2; 3; 0; 20; 'init'
7; 2; 3; 0; 20; 1
7; 2; 3; 0; 20; 2
7; 2; 3; 0; 20; 191
7; 2; 3; 0; 20; 197
7; 2; 3; 0; 21; 'init'
7; 2; 3; 0; 21; 1
7; 2; 3; 0; 22; 'init'
7; 2; 3; 0; 22; 1
7; 2; 3; 0; 22; 2
7; 2; 3; 0; 22; 124
7; 2; 3; 0; 23; 'init'
7; 2; 3; 0; 23; 71
7; 2; 3; 0; 23; 140
7; 2; 3; 0; 23; 206
7; 2; 3; 0; 24; 'init'
7; 2; 3; 0; 25; 'init'
7; 2; 3; 0; 25; 1
7; 2; 3; 0; 26; 'init'
7; 2; 3; 0; 26; 1
7; 2; 3; 0; 27; 'init'
7; 2; 3; 0; 27; 1
7; 2; 3; 0; 28; 'init'
7; 2; 3; 0; 28; 1
7; 2; 3; 0; 29; 'init'
7; 3; 0; 0; 0; 'init'
7; 3; 0; 0; 0; 1
7; 3; 0; 0; 0; 2
7; 3; 0; 0; 1; 'init'
7; 3; 0; 0; 1; 1
7; 3; 0; 0; 1; 2
7; 3; 0; 0; 2; 'init'
7; 3; 0; 0; 2; 1
7; 3; 0; 0; 2; 2
7; 3; 0; 0; 3; 'init'
7; 3; 0; 0; 3; 1
7; 3; 0; 0; 3; 2
7; 3; 0; 0; 4; 'init'
7; 3; 0; 0; 4; 1
7; 3; 0; 0; 4; 2
7; 3; 0; 0; 5; 'init'
7; 3; 0; 0; 5; 1
7; 3; 0; 0; 5; 2
7; 3; 0; 0; 6; 'init'
7; 3; 0; 0; 6; 1
7; 3; 0; 0; 6; 2
7; 3; 0; 0; 7; 'init'
7; 3; 0; 0; 7; 1
7; 3; 0; 0; 7; 2
7; 3; 0; 0; 8; 'init'
7; 3; 0; 0; 8; 1
7; 3; 0; 0; 8; 2
7; 3; 0; 0; 9; 'init'
7; 3; 0; 0; 9; 1
7; 3; 0; 0; 9; 2
7; 3; 0; 0; 10; 'init'
7; 3; 0; 0; 10; 1
7; 3; 0; 0; 10; 2
7; 3; 0; 0; 11; 'init'
7; 3; 0; 0; 11; 1
7; 3; 0; 0; 11; 2
7; 3; 0; 0; 12; 'init'
7; 3; 0; 0; 12; 1
7; 3; 0; 0; 12; 2
7; 3; 0; 0; 13; 'init'
7; 3; 0; 0; 13; 1
7; 3; 0; 0; 13; 2
7; 3; 0; 0; 14; 'init'
7; 3; 0; 0; 14; 1
7; 3; 0; 0; 14; 2
7; 3; 0; 0; 15; 'init'
7; 3; 0; 0; 15; 1
7; 3; 0; 0; 15; 2
7; 3; 0; 0; 16; 'init'
7; 3; 0; 0; 16; 1
7; 3; 0; 0; 16; 2
7; 3; 0; 0; 17; 'init'
7; 3; 0; 0; 17; 1
7; 3; 0; 0; 17; 2
7; 3; 0; 0; 18; 'init'
7; 3; 0; 0; 18; 1
7; 3; 0; 0; 18; 2
7; 3; 0; 0; 19; 'init'
7; 3; 0; 0; 19; 1
7; 3; 0; 0; 19; 2
7; 3; 0; 0; 20; 'init'
7; 3; 0; 0; 20; 1
7; 3; 0; 0; 20; 2
7; 3; 0; 0; 21; 'init'
7; 3; 0; 0; 21; 1
7; 3; 0; 0; 21; 2
7; 3; 0; 0; 22; 'init'
7; 3; 0; 0; 22; 1
7; 3; 0; 0; 22; 2
7; 3; 0; 0; 23; 'init'
7; 3; 0; 0; 23; 1
7; 3; 0; 0; 23; 2
7; 3; 0; 0; 24; 'init'
7; 3; 0; 0; 24; 1
7; 3; 0; 0; 24; 2
7; 3; 0; 0; 25; 'init'
7; 3; 0; 0; 25; 1
7; 3; 0; 0; 25; 2
7; 3; 0; 0; 26; 'init'
7; 3; 0; 0; 26; 1
7; 3; 0; 0; 26; 2
7; 3; 0; 0; 27; 'init'
7; 3; 0; 0; 27; 1
7; 3; 0; 0; 27; 2
7; 3; 0; 0; 28; 'init'
7; 3; 0; 0; 28; 1
7; 3; 0; 0; 28; 2
7; 3; 0; 0; 29; 'init'
7; 3; 0; 0; 29; 1
7; 3; 0; 0; 29; 2
7; 3; 1; 0; 0; 'init'
7; 3; 1; 0; 0; 1
7; 3; 1; 0; 1; 'init'
7; 3; 1; 0; 1; 1
7; 3; 1; 0; 2; 'init'
7; 3; 1; 0; 2; 1
7; 3; 1; 0; 3; 'init'
7; 3; 1; 0; 3; 1
7; 3; 1; 0; 3; 2
7; 3; 1; 0; 4; 'init'
7; 3; 1; 0; 4; 1
7; 3; 1; 0; 5; 'init'
7; 3; 1; 0; 5; 1
7; 3; 1; 0; 6; 'init'
7; 3; 1; 0; 6; 1
7; 3; 1; 0; 7; 'init'
7; 3; 1; 0; 7; 1
7; 3; 1; 0; 8; 'init'
7; 3; 1; 0; 8; 1
7; 3; 1; 0; 9; 'init'
7; 3; 1; 0; 9; 1
7; 3; 1; 0; 9; 2
7; 3; 1; 0; 10; 'init'
7; 3; 1; 0; 10; 1
7; 3; 1; 0; 11; 'init'
7; 3; 1; 0; 11; 1
7; 3; 1; 0; 12; 'init'
7; 3; 1; 0; 12; 1
7; 3; 1; 0; 13; 'init'
7; 3; 1; 0; 13; 1
7; 3; 1; 0; 14; 'init'
7; 3; 1; 0; 14; 1
7; 3; 1; 0; 15; 'init'
7; 3; 1; 0; 15; 1
7; 3; 1; 0; 15; 2
7; 3; 1; 0; 16; 'init'
7; 3; 1; 0; 16; 1
7; 3; 1; 0; 17; 'init'
7; 3; 1; 0; 17; 1
7; 3; 1; 0; 18; 'init'
7; 3; 1; 0; 18; 1
7; 3; 1; 0; 19; 'init'
7; 3; 1; 0; 19; 1
7; 3; 1; 0; 20; 'init'
7; 3; 1; 0; 20; 1
7; 3; 1; 0; 21; 'init'
7; 3; 1; 0; 21; 1
7; 3; 1; 0; 22; 'init'
7; 3; 1; 0; 22; 1
7; 3; 1; 0; 22; 2
7; 3; 1; 0; 23; 'init'
7; 3; 1; 0; 23; 1
7; 3; 1; 0; 24; 'init'
7; 3; 1; 0; 24; 1
7; 3; 1; 0; 25; 'init'
7; 3; 1; 0; 25; 1
7; 3; 1; 0; 25; 2
7; 3; 1; 0; 26; 'init'
7; 3; 1; 0; 26; 1
7; 3; 1; 0; 27; 'init'
7; 3; 1; 0; 27; 1
7; 3; 1; 0; 28; 'init'
7; 3; 1; 0; 28; 1
7; 3; 1; 0; 29; 'init'
7; 3; 1; 0; 29; 1
7; 3; 2; 0; 0; 'init'
7; 3; 2; 0; 0; 1
7; 3; 2; 0; 1; 'init'
7; 3; 2; 0; 1; 1
7; 3; 2; 0; 2; 'init'
7; 3; 2; 0; 2; 1
7; 3; 2; 0; 3; 'init'
7; 3; 2; 0; 3; 1
7; 3; 2; 0; 3; 2
7; 3; 2; 0; 3; 190
7; 3; 2; 0; 3; 198
7; 3; 2; 0; 4; 'init'
7; 3; 2; 0; 4; 1
7; 3; 2; 0; 5; 'init'
7; 3; 2; 0; 5; 1
7; 3; 2; 0; 6; 'init'
7; 3; 2; 0; 6; 1
7; 3; 2; 0; 7; 'init'
7; 3; 2; 0; 7; 1
7; 3; 2; 0; 7; 57
7; 3; 2; 0; 7; 257
7; 3; 2; 0; 8; 'init'
7; 3; 2; 0; 9; 'init'
7; 3; 2; 0; 9; 1
7; 3; 2; 0; 10; 'init'
7; 3; 2; 0; 10; 1
7; 3; 2; 0; 11; 'init'
7; 3; 2; 0; 11; 1
7; 3; 2; 0; 11; 2
7; 3; 2; 0; 12; 'init'
7; 3; 2; 0; 12; 1
7; 3; 2; 0; 13; 'init'
7; 3; 2; 0; 13; 1
7; 3; 2; 0; 14; 'init'
7; 3; 2; 0; 14; 1
7; 3; 2; 0; 15; 'init'
7; 3; 2; 0; 15; 1
7; 3; 2; 0; 15; 189
7; 3; 2; 0; 15; 199
7; 3; 2; 0; 16; 'init'
7; 3; 2; 0; 16; 1
7; 3; 2; 0; 17; 'init'
7; 3; 2; 0; 17; 1
7; 3; 2; 0; 18; 'init'
7; 3; 2; 0; 18; 1
7; 3; 2; 0; 19; 'init'
7; 3; 2; 0; 19; 1
7; 3; 2; 0; 20; 'init'
7; 3; 2; 0; 20; 1
7; 3; 2; 0; 21; 'init'
7; 3; 2; 0; 21; 1
7; 3; 2; 0; 22; 'init'
7; 3; 2; 0; 22; 1
7; 3; 2; 0; 23; 'init'
7; 3; 2; 0; 23; 1
7; 3; 2; 0; 24; 'init'
7; 3; 2; 0; 24; 1
7; 3; 2; 0; 25; 'init'
7; 3; 2; 0; 25; 1
7; 3; 2; 0; 26; 'init'
7; 3; 2; 0; 26; 1
7; 3; 2; 0; 26; 2
7; 3; 2; 0; 26; 60
7; 3; 2; 0; 26; 61
7; 3; 2; 0; 26; 127
7; 3; 2; 0; 26; 128
7; 3; 2; 0; 26; 193
7; 3; 2; 0; 26; 194
7; 3; 2; 0; 26; 195
7; 3; 2; 0; 27; 'init'
7; 3; 2; 0; 27; 1
7; 3; 2; 0; 28; 'init'
7; 3; 2; 0; 28; 1
7; 3; 2; 0; 28; 2
7; 3; 2; 0; 29; 'init'
7; 3; 2; 0; 29; 1
7; 3; 3; 0; 0; 'init'
7; 3; 3; 0; 0; 1
7; 3; 3; 0; 1; 'init'
7; 3; 3; 0; 1; 1
7; 3; 3; 0; 2; 'init'
7; 3; 3; 0; 2; 1
7; 3; 3; 0; 3; 'init'
7; 3; 3; 0; 3; 1
7; 3; 3; 0; 4; 'init'
7; 3; 3; 0; 5; 'init'
7; 3; 3; 0; 5; 1
7; 3; 3; 0; 5; 63
7; 3; 3; 0; 5; 125
7; 3; 3; 0; 5; 196
7; 3; 3; 0; 5; 259
7; 3; 3; 0; 6; 'init'
7; 3; 3; 0; 6; 1
7; 3; 3; 0; 7; 'init'
7; 3; 3; 0; 7; 1
7; 3; 3; 0; 8; 'init'
7; 3; 3; 0; 8; 1
7; 3; 3; 0; 9; 'init'
7; 3; 3; 0; 9; 1
7; 3; 3; 0; 10; 'init'
7; 3; 3; 0; 10; 1
7; 3; 3; 0; 11; 'init'
7; 3; 3; 0; 11; 1
7; 3; 3; 0; 12; 'init'
7; 3; 3; 0; 12; 1
7; 3; 3; 0; 12; 65
7; 3; 3; 0; 12; 123
7; 3; 3; 0; 13; 'init'
7; 3; 3; 0; 14; 'init'
7; 3; 3; 0; 14; 1
7; 3; 3; 0; 14; 3
7; 3; 3; 0; 14; 58
7; 3; 3; 0; 14; 130
7; 3; 3; 0; 14; 258
7; 3; 3; 0; 15; 'init'
7; 3; 3; 0; 15; 1
7; 3; 3; 0; 16; 'init'
7; 3; 3; 0; 16; 1
7; 3; 3; 0; 17; 'init'
7; 3; 3; 0; 17; 1
7; 3; 3; 0; 18; 'init'
7; 3; 3; 0; 19; 'init'
7; 3; 3; 0; 19; 1
7; 3; 3; 0; 20; 'init'
7; 3; 3; 0; 20; 1
7; 3; 3; 0; 21; 'init'
7; 3; 3; 0; 21; 1
7; 3; 3; 0; 21; 5
7; 3; 3; 0; 21; 201
7; 3; 3; 0; 22; 'init'
7; 3; 3; 0; 22; 1
7; 3; 3; 0; 23; 'init'
7; 3; 3; 0; 23; 1
7; 3; 3; 0; 23; 71
7; 3; 3; 0; 24; 'init'
7; 3; 3; 0; 24; 203
7; 3; 3; 0; 25; 'init'
7; 3; 3; 0; 25; 1
7; 3; 3; 0; 26; 'init'
7; 3; 3; 0; 26; 1
7; 3; 3; 0; 27; 'init'
7; 3; 3; 0; 27; 1
7; 3; 3; 0; 28; 'init'
7; 3; 3; 0; 28; 1
7; 3; 3; 0; 29; 'init'
7; 3; 3; 0; 29; 1
